% Model:              
% Version:            COMSOL 5.4.0.388
% Date:               Jan 12 2021, 23:17
% Dimension:          1
% Nodes:              101
% Expressions:        7
% Description:        Logarithmic strain tensor, xx component, Logarithmic strain tensor, yy component, Logarithmic strain tensor, zz component, Stress tensor, x component, Stress tensor, y component, Stress tensor, z component, Temperature
% cln1x         solid.elogxx (1) solid.elogyy (1) solid.elogzz (1) solid.sx (N/m^2) solid.sy (N/m^2) solid.sz (N/m^2) T (K)
0.0000          0.0027498      3.0117E-7      -6.8871E-4     7.1716E7       1.4343E7       -1.1176E-8     293.15
0.0010000       0.0023298      -5.2143E-4     -4.5269E-4     5.8013E7       -1.4392E6      -9.6858E-8     293.15
0.0020000       0.0022514      -4.4574E-4     -4.5188E-4     5.6357E7       1.1539E5       -2.5891E-7     293.15
0.0030000       0.0022957      -4.6266E-4     -4.5846E-4     5.7407E7       -1.1237E5      -4.9174E-7     293.15
0.0040000       0.0022867      -4.5459E-4     -4.5782E-4     5.7188E7       26229          5.2154E-7      293.15
0.0050000       0.0022722      -4.5147E-4     -4.5448E-4     5.6796E7       866.05         4.8243E-7      293.15
0.0060000       0.0022539      -4.4617E-4     -4.5062E-4     5.6309E7       5856.7         -8.4378E-7     293.15
0.0070000       0.0022333      -4.4053E-4     -4.4616E-4     5.5756E7       1529.3         -1.3355E-6     293.15
0.0080000       0.0022121      -4.3437E-4     -4.4161E-4     5.5187E7       1907.0         -1.0114E-6     293.15
0.0090000       0.0021903      -4.2793E-4     -4.3688E-4     5.4597E7       1058.9         -2.5332E-7     293.15
0.010000        0.0021683      -4.2124E-4     -4.3207E-4     5.3997E7       -32.666        -3.3025E-6     293.15
0.011000        0.0021466      -4.1436E-4     -4.2731E-4     5.3402E7       440.31         -1.5646E-7     293.15
0.012000        0.0021249      -4.0732E-4     -4.2251E-4     5.2802E7       342.88         -6.4801E-6     293.15
0.013000        0.0021033      -4.0011E-4     -4.1768E-4     5.2199E7       -266.34        -4.2170E-6     293.15
0.014000        0.0020818      -3.9276E-4     -4.1287E-4     5.1599E7       -275.64        -2.3749E-6     293.15
0.015000        0.0020607      -3.8527E-4     -4.0810E-4     5.1001E7       278.21         -8.2031E-6     293.15
0.016000        0.0020394      -3.7764E-4     -4.0327E-4     5.0399E7       -278.82        -2.0862E-6     293.15
0.017000        0.0020184      -3.6989E-4     -3.9847E-4     4.9799E7       -278.59        1.5479E-6      293.15
0.018000        0.0019976      -3.6201E-4     -3.9369E-4     4.9201E7       277.12         -1.1528E-5     293.15
0.019000        0.0019767      -3.5402E-4     -3.8886E-4     4.8599E7       -278.05        2.5351E-6      293.15
0.020000        0.0019561      -3.4592E-4     -3.8406E-4     4.7999E7       -277.92        -5.7947E-6     293.15
0.021000        0.0019356      -3.3771E-4     -3.7929E-4     4.7401E7       277.68         -4.7348E-6     293.15
0.022000        0.0019151      -3.2940E-4     -3.7446E-4     4.6799E7       -277.81        3.5968E-6      293.15
0.023000        0.0018947      -3.2100E-4     -3.6965E-4     4.6199E7       -277.79        -1.1126E-5     293.15
0.024000        0.0018745      -3.1251E-4     -3.6488E-4     4.5601E7       277.77         -5.6252E-6     293.15
0.025000        0.0018542      -3.0393E-4     -3.6005E-4     4.4999E7       -277.78        -1.4998E-5     293.15
0.026000        0.0018341      -2.9527E-4     -3.5525E-4     4.4399E7       -277.78        -2.9696E-5     293.15
0.027000        0.0018142      -2.8654E-4     -3.5047E-4     4.3801E7       277.78         -5.2527E-6     293.15
0.028000        0.0017942      -2.7775E-4     -3.4567E-4     4.3201E7       277.78         1.6950E-5      293.15
0.029000        0.0017742      -2.6889E-4     -3.4084E-4     4.2599E7       -277.78        -3.4092E-5     293.15
0.030000        0.0017544      -2.5997E-4     -3.3607E-4     4.2001E7       277.78         -1.8673E-5     293.15
0.031000        0.0017346      -2.5100E-4     -3.3127E-4     4.1401E7       277.78         -2.8200E-5     293.15
0.032000        0.0017147      -2.4197E-4     -3.2644E-4     4.0799E7       -277.78        -1.0144E-5     293.15
0.033000        0.0016951      -2.3291E-4     -3.2167E-4     4.0201E7       277.78         -3.6996E-5     293.15
0.034000        0.0016755      -2.2380E-4     -3.1686E-4     3.9601E7       277.78         1.3024E-5      293.15
0.035000        0.0016557      -2.1466E-4     -3.1204E-4     3.8999E7       -277.78        2.9437E-5      293.15
0.036000        0.0016362      -2.0549E-4     -3.0726E-4     3.8401E7       277.78         -1.7652E-4     293.15
0.037000        0.0016167      -1.9630E-4     -3.0246E-4     3.7801E7       277.78         2.6179E-5      293.15
0.038000        0.0015970      -1.8708E-4     -2.9763E-4     3.7199E7       -277.78        4.3446E-5      293.15
0.039000        0.0015775      -1.7785E-4     -2.9283E-4     3.6599E7       -277.78        -9.6249E-5     293.15
0.040000        0.0015580      -1.6860E-4     -2.8805E-4     3.6001E7       277.78         -1.1721E-5     293.15
0.041000        0.0015384      -1.5934E-4     -2.8323E-4     3.5399E7       -277.78        -7.3165E-6     293.15
0.042000        0.0015189      -1.5008E-4     -2.7843E-4     3.4799E7       -277.78        2.0547E-5      293.15
0.043000        0.0014995      -1.4082E-4     -2.7365E-4     3.4201E7       277.78         -1.5945E-4     293.15
0.044000        0.0014799      -1.3157E-4     -2.6882E-4     3.3599E7       -277.78        -3.7741E-5     293.15
0.045000        0.0014603      -1.2232E-4     -2.6402E-4     3.2999E7       -277.78        4.5728E-6      293.15
0.046000        0.0014409      -1.1308E-4     -2.5925E-4     3.2401E7       277.78         -9.8095E-5     293.15
0.047000        0.0014212      -1.0385E-4     -2.5442E-4     3.1799E7       -277.78        1.0308E-4      293.15
0.048000        0.0014017      -9.4650E-5     -2.4962E-4     3.1199E7       -277.78        5.9400E-5      293.15
0.049000        0.0013822      -8.5467E-5     -2.4484E-4     3.0601E7       277.78         6.9027E-5      293.15
0.050000        0.0013625      -7.6311E-5     -2.4002E-4     2.9999E7       -277.78        -9.7646E-5     293.15
0.051000        0.0013428      -6.7183E-5     -2.3521E-4     2.9399E7       -277.78        3.3246E-4      293.15
0.052000        0.0013232      -5.8089E-5     -2.3044E-4     2.8801E7       277.78         7.4034E-5      293.15
0.053000        0.0013035      -4.9031E-5     -2.2564E-4     2.8201E7       277.78         -8.7398E-5     293.15
0.054000        0.0012836      -4.0012E-5     -2.2081E-4     2.7599E7       -277.78        2.8680E-4      293.15
0.055000        0.0012640      -3.1036E-5     -2.1604E-4     2.7001E7       277.78         2.1880E-4      293.15
0.056000        0.0012441      -2.2106E-5     -2.1124E-4     2.6401E7       277.78         3.0914E-4      293.15
0.057000        0.0012241      -1.3224E-5     -2.0641E-4     2.5799E7       -277.78        -1.1738E-4     293.15
0.058000        0.0012043      -4.3949E-6     -2.0163E-4     2.5201E7       277.77         4.5139E-5      293.15
0.059000        0.0011843      4.3799E-6      -1.9683E-4     2.4601E7       277.77         4.8308E-6      293.15
0.060000        0.0011641      1.3097E-5      -1.9201E-4     2.3999E7       -277.79        1.2640E-4      293.15
0.061000        0.0011441      2.1754E-5      -1.8723E-4     2.3401E7       277.77         -5.0980E-4     293.15
0.062000        0.0011239      3.0347E-5      -1.8243E-4     2.2801E7       277.76         2.8389E-4      293.15
0.063000        0.0011036      3.8875E-5      -1.7760E-4     2.2199E7       -277.81        1.3909E-4      293.15
0.064000        0.0010832      4.7334E-5      -1.7280E-4     2.1599E7       -277.82        1.2913E-4      293.15
0.065000        0.0010630      5.5722E-5      -1.6803E-4     2.1001E7       277.73         -5.5874E-4     293.15
0.066000        0.0010424      6.4037E-5      -1.6320E-4     2.0399E7       -277.83        -2.4481E-4     293.15
0.067000        0.0010219      7.2276E-5      -1.5840E-4     1.9799E7       -277.82        -7.9970E-4     293.15
0.068000        0.0010013      8.0436E-5      -1.5363E-4     1.9201E7       277.74         -3.0373E-4     293.15
0.069000        9.8055E-4      8.8517E-5      -1.4880E-4     1.8599E7       -277.69        1.6968E-4      293.15
0.070000        9.5977E-4      9.6515E-5      -1.4400E-4     1.7999E7       -277.51        1.9871E-5      293.15
0.071000        9.3902E-4      1.0443E-4      -1.3922E-4     1.7401E7       278.18         -1.8318E-4     293.15
0.072000        9.1796E-4      1.1226E-4      -1.3440E-4     1.6799E7       -276.61        -3.2509E-4     293.15
0.073000        8.9692E-4      1.1999E-4      -1.2960E-4     1.6199E7       -275.71        -3.2962E-4     293.15
0.074000        8.7590E-4      1.2764E-4      -1.2482E-4     1.5601E7       280.49         -2.3535E-4     293.15
0.075000        8.5457E-4      1.3520E-4      -1.1999E-4     1.4999E7       -272.38        -2.0272E-4     293.15
0.076000        8.3325E-4      1.4266E-4      -1.1519E-4     1.4398E7       -269.72        -6.8704E-6     293.15
0.077000        8.1194E-4      1.5003E-4      -1.1042E-4     1.3801E7       287.68         8.7055E-4      293.15
0.078000        7.9043E-4      1.5730E-4      -1.0561E-4     1.3201E7       291.46         2.6021E-4      293.15
0.079000        7.6870E-4      1.6447E-4      -1.0078E-4     1.2598E7       -259.18        1.2897E-4      293.15
0.080000        7.4707E-4      1.7154E-4      -9.6006E-5     1.2000E7       298.55         -8.8287E-4     293.15
0.081000        7.2523E-4      1.7851E-4      -9.1199E-5     1.1399E7       298.45         -7.9919E-4     293.15
0.082000        7.0316E-4      1.8538E-4      -8.6362E-5     1.0795E7       -275.48        -7.2714E-4     293.15
0.083000        6.8120E-4      1.9215E-4      -8.1578E-5     1.0197E7       269.10         2.1105E-4      293.15
0.084000        6.5902E-4      1.9881E-4      -7.6767E-5     9.5953E6       221.28         -1.5525E-4     293.15
0.085000        6.3662E-4      2.0536E-4      -7.1928E-5     8.9911E6       -498.12        -1.8121E-4     293.15
0.086000        6.1440E-4      2.1178E-4      -6.7158E-5     8.3945E6       -31.538        -3.4204E-4     293.15
0.087000        5.9206E-4      2.1806E-4      -6.2378E-5     7.7973E6       -300.28        -9.2855E-4     293.15
0.088000        5.6966E-4      2.2419E-4      -5.7599E-5     7.2013E6       -1566.1        7.2534E-4      293.15
0.089000        5.4765E-4      2.3011E-4      -5.2928E-5     6.6182E6       -2355.2        -6.7686E-5     293.15
0.090000        5.2639E-4      2.3578E-4      -4.8435E-5     6.0567E6       -2377.2        -7.4908E-5     293.15
0.091000        5.0562E-4      2.4111E-4      -4.4037E-5     5.5097E6       -5172.1        -1.3550E-4     293.15
0.092000        4.8663E-4      2.4596E-4      -4.0018E-5     5.0099E6       -7750.4        -3.0503E-4     293.15
0.093000        4.7063E-4      2.5021E-4      -3.6631E-5     4.5870E6       -8133.6        -9.2242E-4     293.15
0.094000        4.5780E-4      2.5337E-4      -3.3793E-5     4.2428E6       -18656         -4.4418E-4     293.15
0.095000        4.5194E-4      2.5585E-4      -3.2511E-5     4.0751E6       -11346         1.0426E-4      293.15
0.096000        4.5945E-4      2.5316E-4      -3.3179E-5     4.2225E6       -75109         3.7906E-4      293.15
0.097000        4.8372E-4      2.6083E-4      -4.0367E-5     4.8427E6       2.0307E5       -4.9213E-4     293.15
0.098000        5.9632E-4      2.0320E-4      -5.2740E-5     7.3681E6       -7.7579E5      2.9518E-4      293.15
0.099000        7.2721E-4      3.5285E-4      -1.1730E-4     1.1191E7       3.4711E6       -0.0018452     293.15
0.10000         0.0012863      -0.0016728     2.9423E-4      1.2828E7       -4.9612E7      -6.4945E-4     293.15
